5907796363577
5907796362174
5907796360026
5907796360859
5907796362082
5907796360392
5907796360712
5907796360729
5907796361542
5907796361535
5907796361856
5907796360156
5907796362204
5907796363294
5907796363287
5907629279983
5907796366257
5907796366264
5907796361559
5907796360187
5907796361627
5907796362143
5907629279655
5907629279679
5907796360439
5907629272984
5907629273004
5907796362709
5907796363263
5907796362730
5907796363881
5907796363904
5907796363935
5907796363898
5907629274162
5907629279051
5907796363157
5907796363027
5907796363034
5907796363058
5907796363065
5907796363164
5907796362747
5907796360224
5907796362495
5907796362570
5907796362594
5907796361696
5907629276760
5907796364949
5907796364970
5907796365052
5907796365038
5907796365045
5907796365182
5907796365205
5907796365267
5907796365304
5907796365434
5907796365540
5907796365557
5907796365427
5907796365700
5907796365694
5907796365656
5907796365687
5907796365731
5907796365663
5907796365670
5907796365748
5907796365755
5907796365779
5907796365786
5907796366172
5907796365991
5907796366196
5907796366202
5907796366219
5907796366400
5907796366387
5907796366394
5907796365953
5907796365960
5907796366288
5907796366363
5907796366066
5907796366059
5907796366370
5907796366011
5907796365977
5907796365984
5907796365885
5907796365892
5907796366318
5907796366448
5907796366905
5907796366493
5907796367001
5907796366981
5907796366967
5907796366509
5907796366943
5907796366929
5907796366332
5907796366349
5907796366356
5907796366301
5907796366295
5907796366561
5907796366585
5907796366578
5907796366592
5907796366523
5907796366547
5907796366530
5907796366554
5907796366868
5907796366806
5907796366813
5907796365922
5907796366912
5907796366776
5907796366790
5907796366783
5907796367087
5907796367094
5907796367100
5907796367117
5907796367124
5907796367131
5907796367148
5907796366660
5907796366653
5907796366691
5907796366707
5907796366714
5907796366721
5907796366738
5907796366684
5907796366677
5907796366615
5907796366622
5907796366639
5907796366646
5907796366608
5907796367025
5907796367032
5907796367049
5907796367056
5907796365816
5907796365823
5907796365809
5907796365793
5907796367230
5907796367223
5907796367193
5907796367209
5907796367216
5907796366950
5907796366936
5907796366998
5907796366974
5907796367018
5907796367247
5907796367438
5907796367292
5907796367254
5907796367322
5907796367308
5907796367476
5907796367469
5907796367605
5907796367599
5907796367582
5907796367667
5907796367650
5907796367537
5907796367544
5907796367636
5907796367643
5907796367612
5907796367629
5907796365861
5907796365878
5907796366271
5907796367520
5907796367551
5907796367674
5907796367681
5907796367698
5907796367704
5907796367759
5907796367766
5907796367773
5907796367810
5907796367827
5907796367780
5907796367797
5907796367865
5907796367872
5907796367940
5907796367933
5907796367926
5907796367919
5907796367964
5907796367957
5907796367902
5907796367896
5907796367889
5907796368114
5907796368121
5907796368138
5907796368107
5907796368077
5907796368060
5907796368084
5907796368091
5907796368145
5907796368152
5907796368251
5907796368268
5907796368237
5907796368275
5907796368299
5907796368220
5907796368176
5907796368169
5907796368213
5907796368206
5907796368305
5907796368343
5907796368350
5907796368282
5907796368312
5907796368329
5907796368619
5907796368626
5907796368442
5907796368466
5907796368480
5907796368688
5907796368336
5907796368381
5907796368398
5907796368374
5907796368497
5907796368497
5907796368435
5907796368428
5907796368367
5907796368671
5907796368183
5907796368190
5907796368404
5907796368411
5907796367346
5907796367353
5907796368534
5907796368541
5907796368558
5907796368695
5907796368473
5907796368459
5907796368718
5907796368701
5907796369135
5907796368749
5907796368756
5907796368763
5907796369265
5907796369272
5907796369289
5907796368725
5907796368732
5907796368961
5907796368947
5907796369012
5907796368787
5907796369104
5907796368800
5907796369111
5907796368794
5907796369128
5907796368978
5907796368985
5907796368923
5907796369197
5907796369180
5907796369173
5907796368596
5907796368589
5907796368992
5907796369319
5907796369036
5907796369098
5907796369081
5907796368886
5907796368893
5907796368855
5907796368862
5907796368879
5907796368909
5907796368824
5907796368831
5907796368848
5907796368817
5907796369067
5907796369074
5907796369401
5907796369043
5907796369050
5907796369296
5907796369302
5907796369425
5907796369418
5907796369241
5907796369227
5907796369395
5907796369210
5907796369203
5907796369333
5907796369326
5907796367575
5907796367339
5907796364024
5907796369432
5907796369449
5907796369456
5907796369463
5907796369470
5907796369487
5907796367186
5907796367513
5907796369678
5907796369685
5907796369166
5907796369500
5907796369517
5907796369029
5907796364048
5907796364031
5907796369548
5907796369555
5907796369494
5907796369753
5907796369760
5907796369661
5907796369562
5907796369531
5907796369524
5907796369777
5907796369784
5907796369791
5907796369609
5907796369623
5907796369616
5907796369579
5907796369593
5907796369586
5907796369630
5907796369654
5907796369647
5907796369692
5907796369708
5907796369715
5907796369722
5907796369739
5907796369746
5907796369807
5907629270607
5907796364017
5907796364000
5907796369845
5907796369852
5907796369869
5907796369876
5907796369906
5907796369890
5907796369883
5907796369913
5907796369821
5907796369838
5907796364475
5907796364482
5907796364499
5907796364505
5907796364512
5907796364529
5907796364536
5907796364543
5907796363614
5907796363591
5907796363607
5907796363430
5907796363829
5907796363843
5907796363744
5907796363836
5907796363980
5907796363997
5907796363850
5907796363867
5907796364680
5907796364697
5907796364703
5907796364710
5907629270027
5907629270034
5907796364635
5907796364659
5907796364673
5907796364628
5907796364642
5907796364666
5907629270089
5907629270096
5907629270171
5907629270195
5907796365939
5907796365502
5907796365519
5907796364871
5907796368022
5907796368015
5907796368008
5907796367995
5907629270102
5907629270041
5907629270119
5907629270164
5907796369937
5907796369920
5907796369982
5907796369999
5907796368664
5907796368770
5907796369975
5907796369951
5907796368640
5907796368657
5907796368633
5907796368053
5907796369968
5907796369944
5907629270232
5907629270218
5907796360033
5907796360002
5907796363409
5907796363362
5907796363355
5907796368565
5907796368572
5907796364468
5907796364550
5907796364567
5907796364574
5907796368046
5907796368039
5907796369371
5907796369388
5907796369814
5907796364345
5907796364352
5907796364369
5907796364376
5907796364383
5907796364390
5907796360064
5907796360071
5907629270072
5907629270065
5907796364451
5907796364444
5907796364420
5907796364413
5907796364406
5907796360118
5907796360125
5907796360132
5907796360095
5907796360101
5907796360088
5907629270256
5907629270294
5907629270287
5907629271024
5907629271000
5907629271079
5907629271055
5907629271109
5907629271093
5907629271048
5907629271031
5907796360040
5907796360057
5907629270324
5907796361702
5907629270454
5907629270461
5907629270430
5907629270447
5907796364611
5907796364581
5907796364604
5907796364598
5907796360385
